					MISSILE 1 (FTI BOOSTER)

Elapsed  S_ref F_drag   F_T      h       Mach    X      gamma  		 M_t     alpha          length    CD
 time
0	0.07069	14.07	0.001	0	0.08815	0	85		618	7.529E-20	7.8	0.3606
1	0.07069	173.2	64500	72.66	0.3569	7.144	84.14		593.7	2.356E-189	7.8	0.2731
2	0.07069	507.1	64500	243	0.654	25.28	83.78		569.3	4.208E-278	7.8	0.2429
3	0.07069	995.9	64500	515.4	0.9655	55.58	83.55		545	1.415E-364	7.8	0.2262
4	0.07069	3320	64500	892.7	1.286	98.86	83.38		520.7	2.481E-449	7.8	0.4449
5	0.07069	4715	64500	1377	1.619	155.7	83.25		496.4	3.477E-533	7.8	0.4225
6	0.07069	6294	64500	1971	1.967	226.7	83.13		472	3.498E-629	7.8	0.411
7	0.07069	7968	64500	2678	2.332	312.4	83.04		447.7	2.830E-746	7.8	0.4043
8	0.07069	9647	64500	3500	2.717	413.4	82.96		423.4	-1.878E-868	7.8	0.4003
9	0.07069	11249	64500	4434	3.126	573.8	77.41		399.1	3.660E-962	7.8	0.3983
10	0.07069	12718	64500	5467	3.563	861.6	71.54		374.7	0	        7.8	0.3977
11	0.07069	12338	0.001	6557	3.696	1289	65.64		258	0		4.5	0.4162
12	0.07069	10218	0.001	7565	3.578	1810	59.68		258	0		4.5	0.4239
13	0.07069	8609	0.001	8473	3.477	2406	53.67		258	0		4.5	0.4311
14	0.07069	7373	0.001	9281	3.39	3068	47.6		258	0		4.5	0.4378
15	0.07069	6416	0.001	9988	3.313	3787	41.47		258	0		4.5	0.444
16	0.07069	5672	0.001	10596	3.243	4553	35.29		258	0		4.5	0.4496
17	0.07069	5079	0.001	11102	3.175	5357	29.06		258	0		4.5	0.455
18	0.07069	4588	0.001	11506	3.097	6189	22.79		258	0		4.5	0.4603
19	0.07069	4224	0.001	11810	3.029	7040	16.47		258	0		4.5	0.4648
20	0.07069	3959	0.001	12014	2.967	7900	10.13		258	0		4.5	0.4686
21	0.07069	3776	0.001	12119	2.913	8761	3.753		258	0		4.5	0.4716
22	0.07069	3655	0.001	12140	2.863	9613	0.5156		258	0		4.5	0.474
23	0.02945	12689	12689	12145	2.851	10455	0.3432		257.8	0.152		4.5	0.3914
24	0.02945	12678	12678	12150	2.851	11297	0.3355		257.5	0.1519		4.5	0.3914
25	0.02945	12668	12668	12155	2.851	12139	0.3279		257.2	0.1519		4.5	0.3915
26	0.02945	12658	12658	12160	2.851	12980	0.3202		256.9	0.1519		4.5	0.3915
27	0.02945	12647	12648	12165	2.851	13822	0.3125		256.7	0.1518		4.5	0.3915
28	0.02945	12638	12638	12169	2.851	14664	0.3048		256.4	0.1518		4.5	0.3915
29	0.02945	12628	12628	12174	2.851	15505	0.2972		256.1	0.1518		4.5	0.3916
30	0.02945	12618	12618	12178	2.851	16347	0.2895		255.8	0.1517		4.5	0.3916
31	0.02945	12609	12609	12182	2.851	17189	0.2819		255.5	0.1517		4.5	0.3916
32	0.02945	12600	12600	12186	2.851	18030	0.2742		255.2	0.1516		4.5	0.3916
33	0.02945	12591	12591	12190	2.851	18872	0.2666		255	0.1516		4.5	0.3916
34	0.02945	12582	12582	12194	2.851	19714	0.2589		254.7	0.1515		4.5	0.3917
35	0.02945	12573	12573	12198	2.851	20555	0.2513		254.4	0.1515		4.5	0.3917
36	0.02945	12565	12565	12201	2.851	21397	0.2437		254.1	0.1514		4.5	0.3917
37	0.02945	12557	12557	12205	2.851	22239	0.236		253.8	0.1514		4.5	0.3917
38	0.02945	12548	12549	12208	2.851	23080	0.2284		253.5	0.1513		4.5	0.3917
39	0.02945	12540	12541	12212	2.851	23922	0.2208		253.3	0.1513		4.5	0.3918
40	0.02945	12533	12533	12215	2.851	24764	0.2132		253	0.1512		4.5	0.3918
41	0.02945	12525	12525	12218	2.851	25605	0.2056		252.7	0.1511		4.5	0.3918
42	0.02945	12518	12518	12221	2.851	26447	0.198		252.4	0.1511		4.5	0.3918
43	0.02945	12511	12511	12224	2.851	27289	0.1904		252.1	0.151		4.5	0.3918
44	0.02945	12504	12504	12227	2.851	28130	0.1828		251.8	0.151		4.5	0.3918
45	0.02945	12497	12497	12229	2.851	28972	0.1752		251.5	0.1509		4.5	0.3919
46	0.02945	12490	12490	12232	2.851	29814	0.1677		251.3	0.1508		4.5	0.3919
47	0.02945	12483	12484	12234	2.851	30655	0.1601		251	0.1507		4.5	0.3919
48	0.02945	12477	12477	12236	2.851	31497	0.1525		250.7	0.1507		4.5	0.3919
49	0.02945	12471	12471	12239	2.851	32339	0.145		250.4	0.1506		4.5	0.3919
50	0.02945	12465	12465	12241	2.851	33180	0.1374		250.1	0.1505		4.5	0.3919
51	0.02945	12459	12459	12243	2.851	34022	0.1299		249.8	0.1504		4.5	0.3919
52	0.02945	12453	12454	12244	2.851	34864	0.1224		249.6	0.1504		4.5	0.3919
53	0.02945	12448	12448	12246	2.851	35706	0.1148		249.3	0.1503		4.5	0.3919
54	0.02945	12443	12443	12248	2.851	36547	0.1073		249	0.1502		4.5	0.392
55	0.02945	12438	12438	12249	2.851	37389	0.09981		248.7	0.1501		4.5	0.392
56	0.02945	12433	12433	12251	2.851	38231	0.09232		248.4	0.15		4.5	0.392
57	0.02945	12428	12428	12252	2.851	39072	0.08483		248.1	0.1499		4.5	0.392
58	0.02945	12423	12423	12253	2.851	39914	0.07735		247.9	0.1498		4.5	0.392
59	0.02945	12419	12419	12254	2.851	40756	0.06987		247.6	0.1498		4.5	0.392
60	0.02945	12414	12414	12255	2.851	41597	0.06241		247.3	0.1497		4.5	0.392
61	0.02945	12410	12410	12256	2.851	42439	0.05496		247	0.1496		4.5	0.392
62	0.02945	12406	12406	12257	2.851	43281	0.04751		246.7	0.1495		4.5	0.392
63	0.02945	12403	12403	12258	2.851	44122	0.04008		246.4	0.1494		4.5	0.392
64	0.02945	12399	12399	12258	2.851	44964	0.03265		246.2	0.1493		4.5	0.392
65	0.02945	12396	12396	12259	2.851	45806	0.02524		245.9	0.1492		4.5	0.392
66	0.02945	12392	12392	12259	2.851	46647	0.01783		245.6	0.1491		4.5	0.392
67	0.02945	12389	12389	12259	2.851	47489	0.01044		245.3	0.149		4.5	0.392
68	0.02945	12386	12386	12259	2.851	48331	0.003054	245	0.1489		4.5	0.392
69	0.02945	12383	12384	12259	2.851	49173	-0.004319	244.7	0.1488		4.5	0.392
70	0.02945	12381	12381	12259	2.851	50014	-0.01168	244.5	0.1486		4.5	0.392
71	0.02945	12378	12379	12259	2.851	50856	-0.01903	244.2	0.1485		4.5	0.392
72	0.02945	12376	12376	12258	2.851	51698	-0.02637	243.9	0.1484		4.5	0.392
73	0.02945	12374	12374	12258	2.851	52539	-0.0337		243.6	0.1483		4.5	0.392
74	0.02945	12372	12372	12257	2.851	53381	-0.04102	243.3	0.1482		4.5	0.392
75	0.02945	12370	12371	12257	2.851	54223	-0.04833	243	0.1481		4.5	0.392
76	0.02945	12369	12369	12256	2.851	55064	-0.05562	242.8	0.1479		4.5	0.392
77	0.02945	12367	12368	12255	2.851	55906	-0.0629		242.5	0.1478		4.5	0.392
78	0.02945	12366	12366	12254	2.851	56748	-0.07017	242.2	0.1477		4.5	0.392
79	0.02945	12365	12365	12253	2.851	57590	-0.07743	241.9	0.1476		4.5	0.392
80	0.02945	12364	12364	12252	2.851	58431	-0.08468	241.6	0.1475		4.5	0.392
81	0.02945	12363	12364	12251	2.851	59273	-0.09191	241.3	0.1473		4.5	0.392
82	0.02945	12363	12363	12249	2.851	60115	-0.09913	241.1	0.1472		4.5	0.392
83	0.02945	12362	12362	12248	2.851	60956	-0.1063		240.8	0.1471		4.5	0.392
84	0.02945	12362	12362	12246	2.851	61798	-0.1135		240.5	0.1469		4.5	0.3919
85	0.02945	12362	12362	12244	2.851	62640	-0.1207		240.2	0.1468		4.5	0.3919
86	0.02945	12362	12362	12243	2.851	63481	-0.1279		239.9	0.1467		4.5	0.3919
87	0.02945	12362	12362	12241	2.851	64323	-0.135		239.6	0.1465		4.5	0.3919
88	0.02945	12363	12363	12239	2.851	65165	-0.1422		239.4	0.1464		4.5	0.3919
89	0.02945	12363	12363	12236	2.851	66006	-0.1493		239.1	0.1463		4.5	0.3919
90	0.02945	12364	12364	12234	2.851	66848	-0.1564		238.8	0.1461		4.5	0.3919
91	0.02945	12365	12365	12232	2.851	67690	-0.1635		238.5	0.146		4.5	0.3919
92	0.02945	12366	12366	12229	2.851	68532	-0.1706		238.2	0.1458		4.5	0.3919
93	0.02945	12367	12367	12227	2.851	69373	-0.1777		237.9	0.1457		4.5	0.3918
94	0.02945	12368	12369	12224	2.851	70215	-0.1847		237.7	0.1455		4.5	0.3918
95	0.02945	12370	12370	12221	2.851	71057	-0.1918		237.4	0.1454		4.5	0.3918
96	0.02945	12372	12372	12219	2.851	71898	-0.1988		237.1	0.1452		4.5	0.3918
97	0.02945	12374	12374	12216	2.851	72740	-0.2058		236.8	0.1451		4.5	0.3918
98	0.02945	12376	12376	12213	2.851	73582	-0.2128		236.5	0.1449		4.5	0.3918
99	0.02945	12378	12378	12209	2.851	74423	-0.2198		236.2	0.1448		4.5	0.3917
100	0.02945	12380	12380	12206	2.851	75265	-0.2268		236	0.1446		4.5	0.3917
101	0.02945	12383	12383	12203	2.851	76107	-0.2337		235.7	0.1445		4.5	0.3917
102	0.02945	12385	12385	12199	2.851	76949	-0.2406		235.4	0.1443		4.5	0.3917
103	0.02945	12388	12388	12196	2.851	77790	-0.2476		235.1	0.1441		4.5	0.3917
104	0.02945	12391	12391	12192	2.851	78632	-0.2545		234.8	0.144		4.5	0.3917
105	0.02945	12394	12394	12188	2.851	79474	-0.2614		234.5	0.1438		4.5	0.3916
106	0.02945	12398	12398	12184	2.851	80315	-0.2682		234.3	0.1436		4.5	0.3916
107	0.02945	12401	12401	12180	2.851	81157	-0.2751		234	0.1435		4.5	0.3916
108	0.02945	12405	12405	12176	2.851	81999	-0.2819		233.7	0.1433		4.5	0.3916
109	0.02945	12409	12409	12172	2.851	82840	-0.2888		233.4	0.1431		4.5	0.3915
110	0.02945	12413	12413	12168	2.851	83682	-0.2956		233.1	0.143		4.5	0.3915
111	0.02945	12417	12417	12163	2.851	84524	-0.3024		232.8	0.1428		4.5	0.3915
112	0.02945	12421	12421	12159	2.851	85366	-0.3091		232.5	0.1426		4.5	0.3915
113	0.02945	12425	12426	12154	2.851	86207	-0.3159		232.3	0.1425		4.5	0.3914
114	0.02945	12430	12430	12149	2.851	87049	-0.3226		232	0.1423		4.5	0.3914
115	0.02945	12435	12435	12145	2.851	87891	-0.3293		231.7	0.1421		4.5	0.3914
116	0.02945	12440	12440	12140	2.851	88732	-0.336		231.4	0.1419		4.5	0.3914
117	0.02945	12445	12445	12135	2.851	89574	-0.3427		231.1	0.1417		4.5	0.3913
118	0.02945	12450	12450	12130	2.851	90416	-0.3494		230.8	0.1416		4.5	0.3913
119	0.02945	12456	12456	12125	2.851	91257	-0.3561		230.6	0.1414		4.5	0.3913
120	0.02945	12461	12461	12119	2.851	92099	-0.3627		230.3	0.1412		4.5	0.3913
121	0.02945	12467	12467	12114	2.851	92941	-0.3693		230	0.141		4.5	0.3912
122	0.02945	12473	12473	12108	2.851	93783	-0.3759		229.7	0.1408		4.5	0.3912
123	0.02945	12479	12479	12103	2.851	94624	-0.3825		229.4	0.1406		4.5	0.3912
124	0.02945	12485	12485	12097	2.851	95466	-0.3891		229.1	0.1405		4.5	0.3911
125	0.02945	12492	12492	12091	2.851	96308	-0.3956		228.9	0.1403		4.5	0.3911
126	0.02945	12498	12498	12086	2.851	97149	-0.4021		228.6	0.1401		4.5	0.3911
127	0.02945	12505	12505	12080	2.851	97991	-0.4086		228.3	0.1399		4.5	0.391
128	0.02945	12512	12512	12074	2.851	98833	-0.4151		228	0.1397		4.5	0.391
129	0.02945	12519	12519	12067	2.851	99674	-0.4216		227.7	0.1395		4.5	0.391
130	0.02945	12526	12526	12061	2.851	100516	-0.4281		227.4	0.1393		4.5	0.3909
131	0.02945	12533	12533	12055	2.851	101358	-0.4345		227.2	0.1391		4.5	0.3909
132	0.02945	12541	12541	12048	2.851	102199	-0.4409		226.9	0.1389		4.5	0.3909
133	0.02945	12548	12549	12042	2.851	103041	-0.4473		226.6	0.1387		4.5	0.3908
134	0.02945	12556	12556	12035	2.851	103883	-0.4537		226.3	0.1385		4.5	0.3908
135	0.02945	12564	12564	12029	2.851	104725	-0.46		226	0.1383		4.5	0.3908
136	0.02945	12573	12573	12022	2.851	105566	-0.4664		225.7	0.1381		4.5	0.3907
137	0.02945	12581	12581	12015	2.851	106408	-0.4727		225.5	0.1379		4.5	0.3907
138	0.02945	12589	12589	12008	2.851	107250	-0.479		225.2	0.1377		4.5	0.3906
139	0.02945	12598	12598	12001	2.851	108091	-0.4853		224.9	0.1375		4.5	0.3906
140	0.02945	12607	12607	11994	2.851	108933	-0.4915		224.6	0.1373		4.5	0.3906
141	0.02945	12616	12616	11986	2.851	109775	-0.4978		224.3	0.1371		4.5	0.3905
142	0.02945	12625	12625	11979	2.851	110616	-0.504		224	0.1369		4.5	0.3905
143	0.02945	12634	12634	11972	2.851	111458	-0.5102		223.8	0.1366		4.5	0.3904
144	0.02945	12644	12644	11964	2.851	112300	-0.5164		223.5	0.1364		4.5	0.3904
145	0.02945	12653	12653	11956	2.851	113141	-0.5225		223.2	0.1362		4.5	0.3904
146	0.02945	12663	12663	11949	2.851	113983	-0.5287		222.9	0.136		4.5	0.3903
147	0.02945	12673	12673	11941	2.851	114825	-0.5348		222.6	0.1358		4.5	0.3903
148	0.02945	12683	12683	11933	2.851	115667	-0.5409		222.3	0.1356		4.5	0.3902
149	0.02945	12693	12693	11925	2.851	116508	-0.547		222.1	0.1354		4.5	0.3902
150	0.02945	12704	12704	11917	2.851	117350	-0.553		221.8	0.1351		4.5	0.3902
151	0.02945	12714	12714	11909	2.851	118192	-0.5591		221.5	0.1349		4.5	0.3901
152	0.02945	12725	12725	11900	2.851	119033	-0.5651		221.2	0.1347		4.5	0.3901
153	0.02945	12736	12736	11892	2.851	119875	-0.5711		220.9	0.1345		4.5	0.39
154	0.02945	12747	12747	11884	2.851	120717	-0.5771		220.6	0.1343		4.5	0.39
155	0.02945	12758	12758	11875	2.851	121558	-0.583		220.4	0.134		4.5	0.3899
156	0.02945	12770	12770	11867	2.851	122400	-0.589		220.1	0.1338		4.5	0.3899
157	0.02945	1573	0.101	11855	2.833	123240	-1.093		220	3.948E-94	4.5	0.478
158	0.02945	1554	0.101	11834	2.81	124072	-1.767		220	1.466E-192	4.5	0.4786
159	0.02945	1538	0.101	11804	2.788	124898	-2.447		220	3.783E-297	4.5	0.4791
160	0.02945	1525	0.101	11764	2.766	125717	-3.131		220	3.053E-403	4.5	0.4796
161	0.02945	1514	0.101	11715	2.744	126529	-3.821		220	1.970E-508	4.5	0.48
162	0.02945	1506	0.101	11656	2.723	127333	-4.515		220	2.177E-615	4.5	0.4803
163	0.02945	1501	0.101	11588	2.703	128132	-5.214		220	1.289E-725	4.5	0.4806
164	0.02945	1497	0.101	11511	2.683	128923	-5.918		220	9.541E-837	4.5	0.4808
165	0.02945	1496	0.101	11425	2.664	129707	-6.625		220	2.118E-947	4.5	0.4809
166	0.02945	1498	0.101	11330	2.645	130485	-7.337		220	0		4.5	0.481
167	0.02945	1501	0.101	11226	2.626	131256	-8.053		220	0		4.5	0.4811
168	0.02945	1507	0.101	11113	2.608	132020	-8.772		220	0		4.5	0.4811
169	0.02945	1514	0.101	10991	2.589	132778	-9.495		220	0		4.5	0.481
170	0.02945	1519	0.101	10860	2.566	133529	-10.22		220	0		4.5	0.4811
171	0.02945	1525	0.101	10721	2.544	134272	-10.95		220	0		4.5	0.4811
172	0.02945	1533	0.101	10574	2.521	135009	-11.68		220	0		4.5	0.4811
173	0.02945	1543	0.101	10418	2.499	135740	-12.42		220	0		4.5	0.481
174	0.02945	1554	0.101	10254	2.476	136463	-13.16		220	0		4.5	0.4809
175	0.02945	1567	0.101	10081	2.454	137180	-13.9		220	0		4.5	0.4808
176	0.02945	1581	0.101	9901	2.432	137889	-14.64		220	0		4.5	0.4807
177	0.02945	1597	0.101	9712	2.41	138592	-15.39		220	0		4.5	0.4805
178	0.02945	1614	0.101	9516	2.388	139288	-16.14		220	0		4.5	0.4803
179	0.02945	1633	0.101	9312	2.366	139976	-16.89		220	0		4.5	0.4801
180	0.02945	1653	0.101	9100	2.344	140658	-17.64		220	0		4.5	0.4799
181	0.02945	1675	0.101	8881	2.321	141332	-18.39		220	0		4.5	0.4796
182	0.02945	1698	0.101	8654	2.299	141999	-19.15		220	0		4.5	0.4794
183	0.02945	1723	0.101	8420	2.277	142659	-19.91		220	0		4.5	0.4791
184	0.02945	1749	0.101	8179	2.255	143312	-20.66		220	0		4.5	0.4788
185	0.02945	1776	0.101	7931	2.233	143957	-21.42		220	0		4.5	0.4785
186	0.02945	1805	0.101	7675	2.21	144594	-22.18		220	0		4.5	0.4782
187	0.02945	1834	0.101	7414	2.188	145224	-22.94		220	0		4.5	0.4779
188	0.02945	1865	0.101	7146	2.166	145846	-23.7		220	0		4.5	0.4776
189	0.02945	1897	0.101	6871	2.143	146461	-24.47		220	0		4.5	0.4773
190	0.02945	1931	0.101	6590	2.121	147068	-25.23		220	0		4.5	0.477
191	0.02945	1965	0.101	6303	2.098	147666	-25.99		220	0		4.5	0.4767
192	0.02945	2001	0.101	6010	2.075	148257	-26.76		220	0		4.5	0.4764
193	0.02945	2037	0.101	5712	2.053	148839	-27.52		220	0		4.5	0.4761
194	0.02945	2074	0.101	5407	2.03	149414	-28.28		220	0		4.5	0.4758
195	0.02945	2112	0.101	5098	2.007	149980	-29.05		220	0		4.5	0.4756
196	0.02945	2151	0.101	4783	1.984	150537	-29.81		220	0		4.5	0.4753
197	0.02945	2190	0.101	4464	1.96	151087	-30.58		220	0		4.5	0.4751
198	0.02945	2230	0.101	4140	1.937	151627	-31.34		220	0		4.5	0.4749
199	0.02945	2271	0.101	3811	1.914	152159	-32.1		220	0		4.5	0.4747
200	0.02945	2312	0.101	3478	1.89	152682	-32.87		220	0		4.5	0.4745
201	0.02945	2353	0.101	3140	1.866	153197	-33.63		220	0		4.5	0.4744
202	0.02945	2394	0.101	2799	1.843	153702	-34.4		220	0		4.5	0.4743
203	0.02945	2436	0.101	2454	1.819	154199	-35.16		220	0		4.5	0.4742
204	0.02945	2477	0.101	2106	1.795	154686	-35.92		220	0		4.5	0.4741
205	0.02945	2518	0.101	1755	1.771	155164	-36.69		220	0		4.5	0.4741
206	0.02945	2559	0.101	1400	1.747	155634	-37.45		220	0		4.5	0.4741
207	0.02945	2599	0.101	1043	1.723	156094	-38.21		220	0		4.5	0.4742
208	0.02945	2639	0.101	683.7	1.699	156544	-38.97		220	0		4.5	0.4743
209	0.02945	2679	0.101	321.8	1.674	156985	-39.73		220	0		4.5	0.4744

Abbreviation

CD	- drag coeficient
F_drag	- drag force
F_T	- Thrust
gamma	- flight path angle
h	- altitude
lengtn	- missile length
M_t	- missile total mass
S_ref	- reference area (transversal plan)
X	- range
											
											
